3 16 3151 149 11068 9164 6095 6035 6086 9111 187 2999 11315 3215 11250 3358 11282 6380 
1 4 3262 9498 3211 391 
1 5 11773 11874 11824 9772 6891 
1 6 126 3120 181 11080 6174 3151 
1 4 3151 3060 9100 9206 
1 4 3501 13070 11333 6103 
1 4 9458 507 9239 6103 
1 7 540 3463 9484 6351 11471 9239 6103 
1 4 3369 11471 9239 6103 
1 5 6103 9239 6221 6270 9297 
1 3 3369 7239 9297 
3 4 6103 11374 221 271 
1 3 9297 11345 9315 
1 7 6103 11221 296 9322 364 11382 9315 
1 3 3369 6378 377 
1 6 377 3241 6301 3301 3205 6384 
1 4 9315 11382 9269 11297 
1 5 6384 6335 6399 11332 11218 
1 4 351 11299 11378 9392 
1 5 11218 9350 9237 6395 3273 
1 3 9392 9383 3273 
1 5 3273 9383 6300 3150 11136 
1 5 3273 9383 159 11306 9075 
1 4 3379 3242 3359 11293 
1 3 3379 3242 385 
2 7 7394 9284 6313 9310 303 3342 11293 
2 2 6293 11234 
1 8 11202 11097 3053 6139 181 11080 6174 3151 
1 10 11234 9331 320 9234 11109 117 6197 79 6174 3151 
1 6 11349 11326 366 3358 11282 6380 
1 5 11349 6264 3235 9287 11234 
1 2 11290 306 
1 4 9197 11068 149 3151 
1 7 9197 70 11059 11153 6057 90 11159 
1 10 11159 9118 3033 11092 155 11175 6021 94 9195 3189 
1 9 3189 86 3008 9162 3121 6181 9201 11117 3134 
2 10 306 3362 6387 9272 11254 335 401 3327 3391 6380 
2 6 9417 585 3587 3765 3752 3734 
1 4 3734 9696 3760 719 
1 3 3672 3682 3668 
2 6 7661 7495 4458 7624 4463 3668 
2 6 3653 772 654 9626 1530 1599 
1 9 1599 11708 1539 11674 11645 4477 4614 1536 7661 
2 13 3672 9647 685 11633 714 9691 9694 735 9709 6781 3587 585 9417 
2 2 413 3527 
2 10 9417 11434 11450 11459 3519 3540 6591 11412 11475 3527 
2 4 3527 9552 9489 11439 
1 3 3492 558 3580 
2 3 288 3306 3335 
2 9 3335 6252 11284 11235 11300 3263 6348 6414 6380 
2 4 3580 9260 9328 9355 
2 5 9355 9411 11242 3292 6262 
2 6 6262 6396 6290 9348 6414 6380 
2 3 413 6341 6398 
2 4 6398 6230 6279 3356 
2 7 3356 9330 11268 9282 9348 6414 6380 
2 6 3578 3426 9460 433 11408 9422 
2 7 6398 6369 9339 9312 11436 471 9422 
2 6 121 252 6356 9278 9378 6380 
2 7 121 9122 11099 2 9168 2996 9131 
2 4 9197 70 11174 3140 
2 9 3140 172 9107 3163 11083 81 9207 11189 9131 
2 12 6380 301 11362 6316 378 280 3370 3268 6392 6295 6299 11375 
2 3 11344 3303 11375 
2 11 6380 301 3290 9235 11217 214 3339 6362 6410 9407 11344 
2 7 9422 313 3304 6353 6382 9409 9258 
2 6 9258 9286 6391 11262 11394 11344 
2 9 11344 11277 3352 6374 6253 9373 11356 11243 6338 
2 11 9258 9286 11269 3317 286 3276 6302 6226 6275 9243 11225 
2 8 11225 11348 393 3357 3330 6515 9420 12128 
2 8 11225 11377 11256 3265 4324 4283 1305 1278 
2 6 1278 12117 10142 10329 12157 9292 
2 5 9292 1233 12287 10133 1821 
2 7 12128 3563 4322 1254 4294 7370 10253 
2 7 7243 4300 4374 4227 1314 12294 10253 
2 7 6338 260 9336 3251 3300 6388 6278 
2 11 6278 7403 206 1380 10286 10314 361 3280 7320 10133 1821 
2 7 7375 11228 237 3280 7320 10133 1821 
2 10 7375 11352 7346 12203 9293 370 3027 3139 272 6124 
2 13 9131 2996 11143 143 3135 9200 11075 73 3066 3103 6089 9214 6124 
1 5 7477 7563 4599 12491 12333 
2 5 3951 6808 9806 11784 11747 
1 4 3951 6871 11811 11829 
2 3 9878 3983 3951 
1 6 9878 3876 11860 940 9755 6807 
1 6 6807 9763 9830 961 6956 11746 
2 5 1821 9553 1543 10189 4824 
2 3 9292 1327 1292 
2 8 1292 1775 1294 12521 4780 7800 1709 10696 
2 8 4824 7846 7774 3472 10600 12652 4700 10696 
2 6 10696 12679 1733 1860 7825 7274 
2 9 1459 10148 10366 12397 7597 12329 7657 7600 7243 
2 5 1459 11687 7682 7501 1554 
1 6 12333 8099 10414 1649 10470 1554 
2 8 7274 4866 7757 12631 7886 10712 10639 12691 
1 8 12691 12621 1876 1813 10549 10661 12540 4797 
2 10 4797 1762 4837 10528 4766 12507 7860 10683 7786 4677 
2 9 957 6989 11750 6684 664 6686 11643 10466 12189 
2 6 7642 4434 4621 1425 4406 7381 
1 5 7642 10135 12293 4390 4608 
2 5 12299 4424 7427 4412 10297 
2 18 7408 1427 12122 12220 4388 1308 1281 12201 1394 1337 4371 7236 12144 1291 7342 1364 1376 10297 
2 8 10250 10221 12173 10411 7572 7353 7492 1488 
1 4 1330 12127 4336 1403 
2 4 1330 10154 10283 10344 
2 12 1330 12127 1417 12256 4626 4585 1492 1566 2061 7400 7909 7974 
1 5 1492 7469 12464 1082 4425 
2 5 9948 7015 12048 4075 1185 
2 8 4075 12075 10075 12319 1522 4501 7446 1319 
3 2 1182 9998 
2 3 9998 7157 7087 
2 3 7087 12097 10125 
2 2 7072 11960 
2 5 10125 7187 4172 4142 11960 
2 3 7072 12031 7212 
2 3 7212 11946 1092 
2 3 1092 10052 11985 
2 2 11960 1136 
1 2 7072 1136 
2 8 1136 9985 10055 1167 7145 1191 7050 11985 
2 2 1025 7110 
1 2 7110 9950 
2 6 4102 1183 12006 11925 4164 7110 
1 2 11985 1025 
2 5 11960 4142 4172 7102 10032 
2 7 1182 4188 4100 7016 4118 1024 7169 
2 4 7169 12056 3848 6994 
2 6 1117 11930 4067 1063 9865 6994 
2 2 12007 1117 
1 3 12007 10128 10032 
2 5 10125 7187 10015 11989 12007 
2 5 1182 1097 11908 11989 12007 
2 3 3962 7532 10444 
1 3 10444 10512 12421 
1 3 6994 9859 3962 
4 4 4056 4086 1081 11977 
2 4 11948 10110 4126 11977 
4 6 6981 3970 3839 3895 9885 11771 
2 5 11771 987 9781 11764 964 
1 4 964 3783 6851 1150 
2 3 9843 11761 10068 
4 10 11771 6951 11815 9835 6837 11886 3900 1052 12043 10068 
1 6 10068 9969 11996 11980 7189 1069 
2 5 9843 4140 12026 7109 4190 
1 5 1069 12045 4071 7089 10000 
2 4 1519 4538 12062 4190 
1 3 9843 9776 952 
2 4 1069 4037 10043 7025 
1 9 11913 1146 10008 7094 11916 10040 9995 7085 7025 
1 3 7014 12052 10076 
1 4 10076 7120 996 11913 
1 4 7014 12076 4042 7191 
1 23 7191 11991 1096 7058 9974 10058 1168 4013 1055 4099 10069 4169 1166 7027 11986 7071 10010 10093 9938 9978 7067 4050 7108 
2 7 4190 1188 1169 4144 1139 9958 10364 
2 7 10364 12012 7568 7580 9934 7167 4619 
1 4 4619 4631 9999 7097 
1 3 3992 7653 1628 
1 3 10062 7108 1047 
1 6 10364 4066 7656 10098 4010 7025 
1 4 1047 12095 1120 9970 
1 3 9991 12010 11968 
1 5 11968 9993 12423 1497 12366 
1 7 4245 10077 4644 7662 7565 10389 12338 
1 8 4245 10077 1609 4616 10443 10389 10349 7455 
2 7 4245 10077 4644 7593 7537 4544 4516 
1 6 4245 4062 7220 1444 12035 12307 
1 5 4245 4062 4104 1101 10060 
1 5 10060 10116 12462 11978 10001 
1 5 10001 10255 4237 1228 7340 
1 5 7340 4280 12114 4472 8087 
1 6 10278 12180 10152 1430 4321 7340 
1 4 10278 7436 1268 10246 
1 3 10246 4416 7265 
1 4 10278 1344 12734 8011 
1 5 10246 4416 1409 7288 1321 
1 8 10278 1344 12734 10808 8067 7363 10274 7447 
1 4 7447 7391 10190 7244 
1 4 8011 8100 10208 4278 
1 4 8011 8100 4414 10756 
1 4 10756 10259 5104 8087 
1 6 10278 1344 7310 12779 10296 10756 
1 4 10756 10259 5104 1359 
1 3 8087 10324 1359 
1 5 1359 12142 4353 10270 1349 
1 8 4278 12105 7250 12295 10210 12182 12269 1349 
1 6 1349 7013 4187 7150 11952 9975 
1 5 4516 1569 2005 7938 5040 
1 3 5040 5055 12137 
1 4 5040 4045 2036 12137 
1 3 4516 10751 9973 
1 4 9973 4299 1377 12137 
3 4 12137 5086 10794 2086 
2 6 2086 2032 10729 12822 12005 10887 
1 7 2086 12868 2002 10772 10066 9084 10887 
1 3 10887 9084 8007 
1 3 3456 10108 4110 
1 3 4110 7084 10735 
1 3 10735 8098 5105 
1 4 10735 1971 10898 8007 
1 4 10887 4979 8022 12763 
1 4 9975 1144 7207 4132 
1 9 4245 4062 7220 1059 1538 10428 9946 7574 10401 
1 5 10401 12420 4557 4883 10030 
1 6 1349 7013 4072 7060 7430 10030 
1 6 10030 4950 11995 4953 5096 5040 
1 3 7260 7344 10201 
1 4 5105 8013 12761 5075 
2 13 5005 7953 1922 2065 1982 10922 10837 7969 4553 12793 1896 4755 7604 
1 4 7602 10385 10768 10837 
2 9 11746 806 3889 12473 7671 3942 1634 1578 1549 
2 6 12473 7140 1056 4550 4111 4486 
1 2 4111 792 
1 8 1065 13645 1201 13643 13642 4206 13639 13638 
1 4 1065 7170 1074 4111 
1 2 1086 4206 
1 4 11976 4591 4574 7151 
1 4 4111 1074 7170 7151 
1 3 1065 7170 7151 
1 8 4206 4088 13632 11970 13630 13627 13628 1015 
1 5 4073 12049 1155 11979 4161 
1 2 4073 7011 
1 5 12758 5099 7970 12455 11976 
2 4 4345 4417 10320 7433 
2 10 7433 1284 12291 4362 7379 4432 1424 7304 7644 7361 
2 8 4345 4417 10320 10174 12221 1282 4342 4285 
3 3 4345 4270 3778 
2 8 3775 6797 9580 11567 3605 6625 4270 4345 
2 13 9450 6713 11641 11685 9684 6769 11669 9724 9711 722 11695 3763 3775 
3 6 3778 3635 3661 9634 6676 6510 
2 13 6510 9467 12278 12582 602 777 10718 4775 7899 1769 4875 4426 4872 
2 12 6510 9480 1299 4869 1782 10718 7794 13094 11571 4875 4426 4872 
2 3 12603 10611 4739 
2 5 4739 9669 6726 515 3010 
2 7 4872 12688 3721 12593 12663 3481 4739 
2 5 12603 1788 3721 12688 4872 
2 5 12603 10611 11440 10684 7787 
1 7 7787 4765 4877 4343 7853 1858 1408 
1 8 3010 6754 1347 7761 1737 7853 1858 1408 
2 4 1408 4428 10157 7315 
3 3 7315 12214 10327 
2 4 7315 7386 10271 12211 
2 2 12603 4759 
2 4 4759 10709 1752 3719 
4 4 3719 10618 6752 1866 
2 2 9450 12357 
2 8 12357 9657 926 1760 10526 3699 1719 1866 
2 6 1866 4807 4664 10341 12456 12357 
2 9 9450 12368 6737 11589 1560 10341 4664 4807 1866 
1 7 9450 6713 11641 695 691 11656 6710 
2 7 6710 9724 9711 722 11695 749 11654 
2 5 9450 6713 9654 11637 689 
2 4 689 3685 9825 6890 
2 5 6890 882 3687 6707 11654 
2 4 6732 3906 11830 9832 
2 8 3878 6911 3806 11665 10381 11662 7345 4345 
2 4 9832 6909 9847 3878 
2 2 3878 6882 
2 3 6882 3863 6845 
2 3 6845 3824 6984 
3 2 6984 3957 
2 5 3957 873 3823 11841 10412 
2 8 6845 6869 11785 9804 847 3850 880 11800 
2 4 6855 827 9808 11800 
2 11 9450 6713 9653 870 11791 3872 659 3853 6874 9808 11800 
2 6 1595 9796 831 11776 11760 6855 
2 2 1595 4527 
2 11 4527 4601 9775 9760 7528 3975 801 9923 6823 6929 3957 
2 6 12211 3513 12183 7865 12553 9616 
2 6 1866 9880 7536 12577 12646 12586 
2 9 9450 12312 11589 10478 7306 12418 11788 10666 12586 
2 6 12586 7852 3855 3613 4760 4723 
2 9 9450 12368 6737 10393 7539 1586 1678 9892 12586 
1 6 1595 4531 4437 10461 9682 9450 
2 10 11654 734 3733 3702 9708 1436 9693 3806 6911 3878 
2 4 6696 1881 10448 1595 
2 4 6696 12709 12568 9727 
2 3 4527 1445 9727 
2 4 1572 12381 1480 11975 
2 6 1843 9834 10489 866 12439 1572 
2 3 1572 1584 7388 
2 6 1572 12353 1433 12470 10492 12384 
2 3 12735 7422 492 
1 4 12384 7583 860 492 
2 3 492 10520 7480 
2 3 7552 7524 4464 
2 3 7552 1453 10449 
2 4 7552 1453 1643 1528 
2 5 1528 12401 6968 9829 3960 
2 4 3960 10861 10504 10337 
2 6 10337 1500 12313 4507 4535 7552 
2 5 10337 12410 4884 2042 6785 
2 4 10337 12341 1927 12782 
2 5 3960 7981 5022 1927 12782 
2 3 6785 12369 5015 
1 3 5015 10769 12835 
3 5 12782 6987 5061 2060 12835 
1 2 8097 10740 
2 3 12835 7973 8003 
2 3 8003 10916 10830 
2 3 10830 12745 8097 
2 6 12782 2019 12728 5038 10894 10740 
2 4 5021 2083 12721 12835 
2 3 1965 2011 4956 
1 2 4956 5021 
1 5 4956 2083 1952 12721 12835 
1 2 4956 10172 
1 4 1965 2011 2008 10172 
1 4 10172 12804 10853 8003 
1 4 1965 12755 4887 13089 
2 2 3834 853 
2 5 3834 7920 5044 12791 10740 
2 4 4908 4977 1945 8057 
2 5 13089 12746 12873 10895 8057 
1 3 8032 2051 13089 
2 4 12753 8236 10773 12810 
1 3 12753 10842 10886 
2 3 3960 9829 5001 
2 6 5001 7485 12458 12489 4444 1646 
2 3 7202 1547 11975 
1 4 10412 3925 11738 788 
2 5 7202 10029 7012 4491 7138 
2 7 12384 638 10394 1485 4653 4491 7138 
1 9 7202 7012 7134 11927 7083 7045 11783 6943 788 
1 4 1132 4168 6943 788 
1 4 7138 7083 12054 1132 
1 5 10412 9931 12445 10081 7138 
1 3 4464 7668 7480 
1 5 3957 951 11873 10343 7646 
1 5 7646 7466 4627 12637 9727 
1 3 9727 1582 913 
1 7 7622 10498 7451 10374 4476 7546 1550 
2 3 8252 5051 12798 
1 3 913 7791 10909 
2 3 12384 5090 10909 
1 4 12735 12803 968 10909 
2 4 12735 10192 10824 12501 
2 4 12501 1987 10615 7797 
1 2 1646 7797 
2 5 12735 1587 10753 7464 7797 
2 4 10449 10410 4510 1646 
2 4 6696 6974 12670 12501 
2 6 1595 12437 1604 7626 12305 4569 
2 7 4569 12305 10457 12497 7611 9682 9450 
1 4 4569 1621 12361 10717 
1 3 10717 1564 1534 
1 5 4569 12346 12463 10370 1534 
2 5 4569 4449 4540 4625 7797 
2 10 9450 12368 6737 10339 1527 4590 7449 7607 12361 10717 
1 7 1866 9880 1867 12667 12620 3750 1747 
2 8 4723 10640 10711 1815 12651 1851 12585 4860 
1 3 4860 10593 10624 
2 4 12211 3513 4328 4274 
2 5 3588 6665 3471 10151 4274 
2 4 4274 4347 4331 3588 
3 3 3588 9697 9713 
2 4 9671 3677 6699 9713 
3 5 9713 6699 6694 6876 4518 
2 4 4518 9911 941 10387 
1 3 10387 10483 9814 
1 4 9814 11757 7517 1562 
1 3 1562 12374 7986 
2 3 7986 8115 853 
1 4 10387 12303 4727 7986 
2 7 10327 12673 12124 3781 6742 7779 4860 
2 11 4860 12572 4857 7880 1767 6722 12566 1836 4772 1752 3719 
2 4 10624 4863 7883 4759 
2 8 10327 1690 1832 4838 1854 1857 10593 10624 
2 5 10717 7834 1352 7892 4740 
2 4 1534 9802 4811 4740 
2 3 1534 2043 1806 
2 6 3960 2082 8025 5103 1618 1806 
1 3 1806 7904 10798 
1 3 10798 11802 4740 
2 5 3960 9920 5085 3875 3972 
2 3 10798 10702 3972 
2 5 4740 11802 7762 2055 3972 
2 2 3972 9908 
2 5 9908 12624 4586 10340 4740 
2 6 9908 12893 10867 8070 3867 10740 
2 4 10740 12791 3883 4975 
2 3 4975 10642 12627 
2 5 4740 10340 4586 1738 12627 
2 3 12627 10588 1827 
2 10 10717 7834 4757 12513 1753 10532 4871 12570 12642 1827 
2 9 10717 7834 1352 7892 12024 4814 4586 1738 12627 
2 3 1827 7780 4723 
1 3 853 1793 11814 
1 4 11814 4799 4657 10387 
1 4 853 7747 6897 10573 
1 4 10573 10645 12552 4975 
1 4 10573 7821 12765 11814 
1 9 12627 9792 868 1658 6887 1756 4742 10662 4865 
2 8 4865 10651 12573 12699 850 4799 4657 10387 
3 9 4865 10651 10591 7827 4736 10422 11698 710 9713 
2 3 4865 10582 12535 
2 4 12535 1789 10556 9616 
2 6 12535 7888 12633 12561 10640 4723 
1 4 1814 4804 12617 12604 
2 8 1814 4804 12617 7783 1713 7887 1565 4543 
1 4 1814 4804 7692 1801 
2 4 2197 5195 2203 2211 
2 5 7798 4776 12932 12924 12910 
2 8 7798 12576 7755 1667 10455 10682 12435 12406 
2 10 7564 7535 7522 4481 12308 7651 10487 10460 4560 7566 
1 4 1454 12104 1431 7669 
1 4 12364 1555 4573 7621 
1 5 12364 10402 12394 12409 1639 
1 4 12364 10402 12394 10418 
1 7 12364 12351 10390 8208 5184 12970 8215 
1 3 8215 10992 650 
1 2 650 8222 
1 4 650 5191 8194 5228 
1 4 5228 11000 5171 12994 
1 3 12994 8217 5131 
1 4 650 8229 8251 5121 
1 3 1639 12494 10935 
1 3 12364 12351 7500 
1 3 7500 10985 12942 
1 5 8187 10943 12453 10515 12364 
1 4 8187 8238 2173 2152 
1 5 10362 12496 1613 1626 4604 
1 6 7500 5163 10975 8255 5143 8216 
1 3 5131 2174 12930 
1 6 8216 10965 2224 5229 10987 12930 
1 3 12930 8157 5230 
1 3 5230 13195 13086 
1 2 2210 2182 
1 3 4604 4589 10447 
2 7 4604 4589 7594 1542 1529 5156 8181 
1 4 8181 7553 10947 10513 
1 2 10513 5112 
1 4 10513 10432 5172 10980 
1 5 10980 8190 12996 2153 10999 
2 4 10980 12334 8148 7476 
2 8 10513 10947 12972 5186 12937 2181 10959 8189 
1 6 10513 10947 12972 5186 7636 12977 
1 2 10946 8143 
1 4 10998 5182 10967 5168 
1 2 5168 2227 
1 3 2229 10963 5189 
2 2 10963 4879 
2 2 2120 10929 
2 4 10929 1874 12963 8214 
1 4 10929 1874 7872 5199 
1 3 5199 12504 191 
1 5 8214 12963 1874 7872 5199 
1 12 10968 12925 5117 12945 12896 4128 9986 1516 4515 191 1817 12907 
1 5 2196 8205 12911 10932 8144 
1 3 5160 10860 1939 
1 3 1939 5196 5210 
2 3 7011 10005 11964 
2 4 7011 10073 7164 4076 
2 2 7011 3996 
2 4 3996 4055 1068 10031 
2 4 10031 7144 11974 12044 
2 5 11999 1064 12071 1151 12044 
2 3 8105 10745 7989 
2 2 7989 2046 
1 3 2046 2003 12725 
2 5 2046 12881 12806 1914 12887 
2 5 11921 4129 7162 7180 11969 
2 2 9994 11969 
2 2 12051 7081 
2 6 7081 1160 4163 1046 7180 11969 
2 6 12051 7065 13077 4131 11939 1145 
2 5 1145 9964 12760 11923 7132 
1 6 7132 4150 7008 12018 7958 4933 
2 7 7132 4116 989 1111 4097 11987 7100 
1 4 7100 1194 10113 9945 
2 3 7100 10070 7069 
2 4 7069 10023 4139 4108 
1 4 2012 8015 12710 4948 
1 5 2050 12900 2025 1969 4972 
2 7 2086 2054 1908 4984 10847 1980 4110 
2 7 2086 2054 1908 4149 12886 1103 9975 
2 9 4245 4204 7593 12452 1637 10471 10332 7938 5040 
2 3 1965 8089 12810 
2 4 4908 10765 8012 3834 
2 3 7859 12435 12406 
1 9 12406 7520 10388 4478 4658 10500 12451 10430 7564 
2 4 8186 5225 10925 12910 
1 10 12406 1537 10427 12377 11019 2114 8249 5211 5225 8186 
1 13 8186 10927 8165 5197 12948 2191 10969 8200 10949 1526 10983 2157 1652 
1 9 10433 9782 10503 12482 11906 6811 810 3977 957 
1 7 957 3977 810 6811 9766 973 9897 
1 8 4572 7663 11864 9913 9928 11893 6964 9897 
2 5 11771 11808 916 4642 4572 
1 4 4572 4503 7652 10433 
2 3 10433 7582 4506 
2 9 4506 12485 4876 10638 13150 4745 7743 4719 4677 
2 7 11771 846 9831 930 4633 4561 4506 
2 7 4725 10655 7801 12678 12261 4805 12189 
1 9 4725 7763 12657 10678 7851 12543 10559 7725 4677 
1 5 4506 1588 12618 7832 4725 
2 3 9315 6318 6384 
2 5 9315 9379 9332 11270 351 
1 4 12051 9976 12034 9943 
1 7 11459 500 509 9516 533 9504 3529 
1 8 11408 9564 3539 11485 9436 3582 9504 3529 
1 30 952 1489 7674 11752 4612 7048 10424 4525 2087 4960 1959 10854 8081 3742 1630 5057 12327 5100 2028 7971 12820 4947 12524 10614 10545 4709 10674 1783 7866 12601 
1 6 9878 6945 11796 3927 6992 4112 
1 5 6912 11778 9921 928 4112 
1 6 3951 11831 856 981 11898 9921 
1 4 979 6938 9844 11747 
1 5 9777 3903 3935 9915 11881 
1 4 3870 921 6977 9777 
1 5 3870 3807 11844 804 11747 
1 4 3889 9893 9912 7620 
1 3 11853 6991 10472 
1 3 1052 900 6969 
1 3 6969 3955 952 
1 3 7101 10517 7097 
1 4 3992 4083 7172 7199 
1 5 9206 11162 3050 6150 3187 
1 8 3668 6701 700 6748 3726 6758 11706 9753 
1 9 9753 6620 11429 9455 6486 6516 520 11474 3529 
1 15 10364 1004 1603 5092 7406 7418 10144 11865 1893 6999 12705 11972 5072 12841 1319 
2 10 10137 10309 4379 1302 7280 12297 4397 10016 11936 1185 
2 16 10137 4255 1300 4334 4405 10162 1285 12204 10232 12232 4401 7238 10204 4330 12260 7376 
3 12 8043 13238 2072 1984 7944 13241 13242 5010 13239 7980 8124 13240 
1 2 12766 13250 
1 2 1111 12100 
1 3 2009 12856 5010 
2 4 13244 7912 10734 5010 
1 2 13246 10734 
1 3 13249 7980 13240 
2 7 12887 12800 10877 2096 7996 10908 10764 
2 4 3942 7513 12442 4550 
1 4 3942 2013 12372 3795 
1 2 7513 2013 
1 2 4111 1074 
1 5 4111 4550 10087 1088 7140 
2 4 2065 8040 12773 5098 
1 4 8040 8125 9816 4943 
1 2 4553 4901 
1 3 12793 12861 1822 
1 3 8125 10922 10837 
1 8 10837 12818 12704 12748 5073 1957 1888 2000 
1 2 1888 7990 
1 3 1982 5067 8074 
1 6 7982 12863 12780 10828 1963 8074 
2 5 8074 2026 4928 4966 8117 
1 4 1888 10890 10759 10828 
1 4 10828 11249 12809 12895 
2 7 13305 2089 13306 8001 13312 7994 2097 
1 7 2097 12046 3795 1600 10106 10804 1549 
1 6 3916 8123 3795 13311 12413 1631 
1 3 12046 12839 13311 
3 6 10400 12064 12648 13279 13278 13271 
2 15 7576 1833 4696 12547 13270 12589 13265 10415 10442 12419 13274 1509 13267 5203 5189 
1 9 12589 13269 12692 13275 10697 13276 13271 13277 1833 
2 6 8178 1494 12064 13280 13273 5231 
2 10 5177 13288 13287 13286 7900 8178 13283 1468 13282 12064 
1 4 13286 10566 2171 10400 
1 3 10400 5106 1688 
1 4 8214 2213 13285 13280 
1 2 10400 2213 
1 4 5177 2151 7842 10929 
1 2 2151 1688 
1 2 4119 4075 
1 2 1073 12048 
2 8 7408 10250 12195 12388 12373 1357 10384 1464 
1 3 12373 12360 1535 
2 8 7376 7319 12191 10177 4251 10293 12224 7408 
1 3 7376 10317 7432 
1 3 1427 7587 4348 
1 4 7236 12131 1279 7329 
1 7 7329 10227 1392 12271 4367 4424 12299 
1 2 13274 10697 
1 2 5231 10697 
1 9 12702 5024 12727 12813 4968 5027 2057 10901 8101 
1 4 4968 5058 12749 10850 
1 6 12727 12870 8004 2090 5037 12883 
1 9 1817 1929 1731 8016 8048 1950 12847 12783 2154 
1 8 8016 7219 988 10883 2073 12808 6027 2154 
1 4 12907 7161 10766 1950 
1 6 11670 741 754 9576 9423 476 
1 5 741 9683 11686 565 9716 
1 6 476 6455 3430 3407 577 9548 
1 5 9548 11550 11427 491 11479 
1 5 11427 438 462 6429 476 
1 2 11479 9468 
1 5 11479 6483 6460 6431 11536 
1 3 11479 9558 513 
1 3 513 3412 11441 
1 7 513 572 6557 11543 3511 3570 11514 
1 3 476 11464 11514 
1 7 11514 6593 11477 9466 441 3543 525 
1 4 11464 11490 504 525 
1 7 525 11557 582 6458 6532 3568 546 
1 4 6458 11489 6508 9477 
1 2 9477 6565 
1 3 9477 9566 3225 
1 5 525 3494 11454 488 3468 
1 4 11454 11438 434 6597 
1 5 6597 3575 9714 9698 11670 
1 9 6597 11546 11683 3755 737 568 3722 705 3686 
1 4 3722 9718 9677 9680 
1 5 568 9712 6771 11700 6596 
1 5 11683 574 11561 6423 11437 
1 5 3468 6478 6507 9463 9479 
1 4 6596 11405 11437 9463 
1 5 6596 3767 429 6776 6474 
1 5 6474 3466 486 11452 9479 
1 2 6474 6493 
1 2 6776 3421 
1 2 429 6420 
1 2 546 9288 
1 8 9288 6344 6373 3350 331 386 216 11370 
1 4 11477 6556 6232 215 
1 4 215 3203 6319 9288 
1 7 215 11285 3556 6280 6306 3256 3392 
1 3 3392 6546 3412 
1 6 6306 3309 11341 3759 11216 11370 
1 3 11216 9236 6340 
1 5 3309 6359 3366 3393 13206 
1 5 11370 277 3267 6220 6371 
1 4 6371 9241 11220 6354 
1 4 6354 9289 3378 6373 
1 5 9289 342 11322 294 11370 
1 4 6340 3320 9295 11498 
1 6 3320 327 6296 3272 6281 3393 
1 6 6281 11312 3384 395 348 11265 
1 9 3272 6407 3337 3288 9499 9731 6229 9357 6296 
1 2 6229 6376 
1 8 6376 6342 6222 9340 10323 7482 341 9275 
1 3 341 310 11358 
1 3 341 222 319 
1 10 9340 9240 10493 3388 6408 6178 9079 11127 11426 3152 
1 3 11127 11443 4640 
1 6 12806 10795 10851 10827 8052 1960 
1 3 10827 4033 10908 
1 4 11105 9129 9194 3083 
1 4 11105 6144 9167 3137 
1 5 3083 9094 11172 11066 3137 
1 5 3137 3025 9038 6013 3122 
1 4 6144 67 9073 9183 
1 3 9183 165 11043 
1 5 9183 11056 6082 52 139 
1 9 139 3030 9061 3068 6156 6033 37 3013 11043 
1 6 3137 6163 9160 9056 9163 11043 
1 5 11043 141 11141 6078 132 
1 3 9038 63 3172 
1 4 3172 66 195 6081 
1 3 6081 132 9106 
1 5 9106 3125 6146 11079 11024 
1 3 6081 6212 158 
1 5 158 11081 11164 11125 3193 
1 3 11125 124 6087 
1 6 9279 6345 9362 6412 3307 383 
1 5 9362 9300 11160 11327 11215 
1 4 9300 9410 242 11311 
1 3 11311 9329 3286 
1 3 3286 6331 383 
1 5 383 295 11070 69 6028 
1 3 11311 11289 11390 
1 7 11289 9393 9308 9109 11082 161 6050 
1 6 9308 9209 6164 9054 11114 6028 
1 4 3286 3375 3063 6164 
1 7 11114 3141 11044 6084 9185 11188 11082 
1 4 9185 35 11163 6050 
1 13 6050 9149 3182 11091 3045 11147 11040 9151 205 130 6063 11129 3039 
1 5 11044 11197 9193 9117 11091 
1 8 3045 49 9051 11209 11123 9154 46 3039 
1 3 3039 11052 168 
1 9 130 9088 182 3113 6132 9220 9143 6083 9108 
1 10 3039 11148 11120 145 6200 109 3003 11190 148 3054 
1 6 9108 3104 3054 6074 3179 9178 
1 5 9108 6165 6125 9147 11125 
1 4 6115 3171 11151 69 
1 9 6115 11078 6160 3021 11028 9135 6114 3093 11100 
1 5 9135 9227 11206 9139 3022 
1 8 122 6145 9170 3059 6080 144 9103 6115 
1 10 6115 14 9174 6151 9096 11176 9296 11367 6176 53 
1 12 3022 6038 9132 107 6041 6187 3126 3088 3048 6071 6214 9126 
1 7 394 6235 6364 3277 11251 317 6389 
1 5 3277 3325 3260 6393 6287 
1 4 9716 723 6729 9701 
1 6 9701 6747 3741 744 6761 9548 
1 5 9701 11652 9651 3663 9617 
1 3 3663 11619 690 
1 8 690 3676 11639 676 3694 693 696 3696 
1 13 9617 3636 818 11588 6652 11657 3649 11592 662 11608 6682 646 9606 
1 2 9617 6658 
1 4 9617 11603 6677 657 
1 5 6716 699 730 11659 3696 
1 4 699 11646 9656 6682 
1 14 9660 684 6716 3713 11520 3565 6573 3550 581 11554 11539 3484 9539 9692 
1 3 9660 11625 6700 
1 4 9660 6703 682 3670 
1 4 9660 11663 9676 6720 
1 4 11554 9551 9567 3583 
1 7 3583 3414 6562 3553 583 9429 11542 
1 3 6562 11511 9539 
1 4 11542 9569 11556 11525 
1 5 11542 9421 6418 424 586 
1 3 11542 6440 469 
1 4 3565 6586 6604 11536 
1 11 3583 9457 6464 13205 9427 11413 442 6499 6522 9494 9468 
1 7 6464 11467 9511 6512 9570 552 6595 
1 6 9427 3586 11532 6416 467 3544 
1 5 9570 3510 9470 3532 6558 
1 3 3532 444 3473 
1 7 6558 388 9387 6236 537 6390 6282 
1 6 6558 17 11515 548 11492 3544 
1 4 3544 12562 3521 3559 
1 4 3559 6484 11466 3392 
1 5 3559 9521 11399 9452 11441 
1 5 3544 524 11385 11274 11329 
1 5 11329 11357 400 3254 11312 
1 4 11329 11301 347 13206 
1 6 388 11232 279 3324 389 362 
1 2 362 9263 
1 3 362 3380 3351 
1 6 3351 9346 6347 6321 6259 3544 
1 4 6658 9612 649 9783 
1 6 9612 9610 3796 793 965 949 
1 8 949 3908 3937 6923 6952 6814 9888 9902 
1 3 10372 1608 11752 
1 7 10545 7792 7702 8086 5016 7790 2015 
1 11 1630 12732 10490 4536 12846 7940 4914 8037 10918 7926 5033 
1 4 13150 10567 7873 7832 
1 4 10567 7894 1847 1588 
1 8 12482 7670 10379 7767 7897 4592 7526 10433 
1 10 6964 11862 927 9841 11781 9803 3949 9848 6860 6981 
1 6 10424 12432 1027 10053 4093 4190 
1 7 7094 12036 10064 4203 7035 7637 1628 
1 4 7199 4183 7004 9970 
1 11 1047 7152 1187 12077 1131 10105 7192 11926 4177 4121 9948 
1 2 7137 11926 
1 12 7137 7650 4028 1597 7095 10404 12407 12053 10377 7502 12483 7097 
1 8 7418 4167 4295 531 12882 12797 2022 1630 
1 6 7446 8023 7965 12898 4996 4425 
1 7 7418 8072 7948 5030 7201 7279 7101 
1 6 7790 8112 4973 12801 5094 8029 
1 10 1519 1531 1458 12356 8049 517 10733 2006 7911 531 
1 10 10638 1502 7812 1558 12337 1499 1638 11836 6893 6951 
1 10 952 9768 10331 6937 972 7633 10426 12478 11903 1499 
1 6 6937 6988 10499 10363 10429 12478 
1 6 952 6904 1590 7158 10480 1027 
1 10 11913 1099 1171 7104 12019 7174 11920 11947 7086 4099 
1 6 3992 9984 11961 1138 1193 1166 
1 8 12705 4431 1010 4325 8095 7577 4480 12053 
1 4 7095 10431 7549 8095 
1 9 10404 10039 10431 12436 4532 1884 7606 7446 1319 
1 6 12053 4125 12378 9997 12014 9970 
1 10 10000 4157 9971 1029 4031 12067 9953 4091 1089 10076 
1 6 6389 6257 9347 6325 3271 6377 
1 4 3271 3326 241 11360 
1 5 6377 3395 405 9509 6535 
1 5 6535 11388 247 309 3326 
1 3 6535 11346 9363 
1 4 6535 495 6469 3512 
1 2 6469 587 
1 7 495 3398 9547 529 6570 587 9522 
1 3 529 6444 6488 
1 7 587 3547 11494 3423 11560 589 6488 
1 3 11560 11547 11531 
1 7 589 6568 3530 6542 6712 11640 9638 
1 2 3530 9517 
1 9 9517 11486 694 3679 6934 3690 9666 6693 692 
1 3 692 9652 707 
1 4 9666 708 11499 9517 
1 6 11499 9545 11529 9557 6594 6488 
1 5 692 3705 3299 571 586 
1 3 3299 9515 9681 
1 4 571 11544 9572 9557 
1 5 11544 9416 3474 482 6524 
1 4 6524 3500 9524 564 
1 4 564 6549 3397 6488 
1 4 564 11431 9443 495 
1 3 6524 538 6582 
1 6 6582 3535 11481 514 9535 6595 
1 3 514 573 469 
1 3 6582 9560 9456 
1 5 9456 3522 9375 526 6377 
1 4 526 11402 6513 564 
1 3 9456 3499 6521 
1 6 6521 375 11219 9294 9320 9347 
1 4 6521 9428 9496 3473 
1 5 6521 11444 3258 293 321 
1 4 11666 9527 6552 11525 
1 5 11666 6739 3718 557 11511 
1 3 11666 3700 6720 
1 3 11666 6690 9648 
1 4 6690 9679 6687 3673 
1 9 6687 3674 3675 688 6708 9665 11651 704 11666 
1 2 3674 6673 
1 16 3673 11612 3631 9627 6650 3654 11581 13624 13409 9595 13322 13608 13609 6647 619 3617 
1 2 9627 599 
1 3 11581 9611 3670 
1 9 3924 13411 3974 984 6611 13625 13623 13252 9627 
1 10 13361 13599 13589 9894 13593 13363 13349 13605 6799 13368 
1 9 6700 9621 3617 11580 3609 11586 3614 614 3649 
1 8 9809 6913 13374 13379 3939 13569 9599 11586 
1 8 11586 11583 6998 13382 13383 11887 11868 965 
1 12 3526 3833 3882 13415 9874 13567 6940 13376 13343 6953 13319 3939 
1 4 9809 9780 13255 3884 
1 4 7211 7096 3988 4109 
1 18 3988 1109 976 3864 3973 3844 10163 11818 3526 6990 9930 11774 11905 3893 3879 6895 9833 11829 
1 3 3893 11842 9902 
1 7 663 11601 658 3641 9600 9584 3780 
1 2 663 11623 
1 7 663 9638 9620 9622 6666 11590 3612 
1 2 663 3679 
1 3 3782 11570 6635 
1 26 6780 11730 9741 771 6788 6973 6946 11833 6875 6862 11751 9904 11846 923 9826 819 955 851 3968 10027 3901 12066 9990 4159 4014 13256 
1 3 6788 3772 11891 
1 5 3780 776 3782 6780 9738 
1 2 9741 776 
1 4 3780 6790 9752 6606 
1 9 6606 782 6793 9582 11584 6656 628 6626 599 
1 3 628 3657 6673 
1 5 11584 3604 9598 11598 9630 
1 5 9598 603 3776 773 3780 
1 13 782 9924 11861 967 925 9838 6831 3966 6939 883 6843 9784 11837 
1 4 6606 6985 1616 9907 
1 3 9907 910 11833 
1 5 9907 9879 3885 9794 9904 
1 3 819 11803 883 
1 4 4159 1156 3857 10074 
2 7 6928 13430 10083 848 9981 13436 7125 
4 6 7125 12040 1003 11915 10065 4052 
4 6 4052 13433 9790 912 11835 6981 
1 10 6928 3981 13431 3852 6922 959 6822 898 6944 9897 
2 5 12068 1091 11959 7214 13450 
4 7 11977 13453 13443 7204 7221 13434 7125 
1 4 6944 13426 11879 957 
1 6 9790 3912 13432 11775 6963 9803 
1 2 11878 6922 
1 2 3904 13431 
1 2 11878 3803 
1 2 11915 7155 
1 3 10065 7070 9981 
1 4 848 13455 11958 13438 
1 3 9790 7171 10083 
1 2 7175 13443 
1 6 11948 12085 1054 12060 13457 4056 
1 2 11948 1177 
1 3 7204 1100 10115 
1 7 7125 10036 13441 7021 12011 13456 11912 
1 3 10036 13444 9936 
1 2 6583 3488 
1 6 3488 6537 11519 3516 516 3576 
1 2 3488 3547 
1 3 516 6598 3262 
1 2 391 3314 
1 4 391 6241 9363 3512 
1 5 6241 6286 9335 11318 11360 
1 6 13464 10840 4924 13462 4976 2029 
1 7 13464 1920 5006 10870 13477 5093 12727 
1 7 13464 10752 5074 13459 13460 13461 2029 
1 10 13584 13596 13595 13598 13370 13368 606 797 13347 3609 
1 3 8043 13482 12766 
1 5 1984 13334 13237 13330 13250 
1 4 13623 3601 3592 11581 
